Set temp : 37
Measured temp : 24.5
Started logs, applied stimulus and temperature reached to 37. Removed stimulus waited for temp to reach to 24.5 and stoped the logs.
====================================================================================================================================
7e 20 ff af 13 00 03 4a 0c 05 00 28 03 06 03 08 00 00 02 00 00 00 00 02 02 4a 00 00 00 1e 00 00 ed 7e - 37
7e 20 ff af 13 00 03 4a 0c 06 00 28 03 06 03 08 00 00 02 00 00 00 00 02 02 4a 00 00 00 1e 00 00 21 7e
7e 20 ff af 13 00 03 4a 0c 06 00 28 03 06 03 08 00 00 02 00 00 00 00 02 02 4a 00 00 00 1e 00 00 21 7e
7e 20 ff af 13 00 03 4a 0c 06 00 28 03 06 03 08 00 00 02 00 00 00 00 02 02 4a 00 00 00 1e 00 00 21 7e
7e 20 ff af 13 00 03 4a 0c 06 00 28 03 06 03 08 00 00 02 00 00 00 00 02 02 4a 00 00 00 1e 00 00 21 7e
7e 20 ff af 13 00 03 4a 0c 06 00 28 03 06 03 08 00 00 02 00 00 00 00 02 02 4a 00 00 00 1e 00 00 21 7e
7e 20 ff af 13 00 03 4a 0c 06 00 28 03 06 03 08 00 00 02 00 00 00 00 02 02 4a 00 00 00 1e 00 00 21 7e
7e 20 ff af 13 00 03 4a 0c 06 00 28 03 06 03 08 00 00 02 00 00 00 00 02 02 4a 00 00 00 1e 00 00 21 7e
7e 20 ff af 13 00 03 4a 0c 06 00 28 03 06 03 08 00 00 02 00 00 00 00 02 02 4a 00 00 00 1e 00 00 21 7e
7e 20 ff af 13 00 03 4a 0c 06 00 28 03 06 03 08 00 00 02 00 00 00 00 02 02 4a 00 00 00 1e 00 00 21 7e
7e 20 ff af 13 00 03 4a 0c 06 00 28 03 06 03 08 00 00 02 00 00 00 00 02 02 4a 00 00 00 1e 00 00 21 7e
7e 20 ff af 13 00 03 4a 0c 06 00 28 03 06 03 08 00 00 02 00 00 00 00 02 02 4a 00 00 00 1e 00 00 21 7e
7e 20 ff af 13 00 03 4a 0c 06 00 28 03 06 03 08 00 00 02 00 00 00 00 02 02 4a 00 00 00 1e 00 00 21 7e
7e 20 ff af 13 00 03 4a 0c 06 00 28 03 06 03 08 00 00 02 00 00 00 00 02 02 4a 00 00 00 1e 00 00 21 7e
7e 20 ff af 13 00 03 4a 0c 06 00 28 03 06 03 08 00 00 02 00 00 00 00 02 02 4a 00 00 00 1e 00 00 21 7e
7e 20 ff af 13 00 03 4a 0c 06 00 28 03 06 03 08 00 00 02 00 00 00 00 02 02 4a 00 00 00 1e 00 00 21 7e
7e 20 ff af 13 00 03 4a 0c 06 00 28 03 06 03 08 00 00 02 00 00 00 00 02 02 4a 00 00 00 1e 00 00 21 7e
7e 20 ff af 13 00 03 4a 0c 06 00 28 03 06 03 08 00 00 02 00 00 00 00 02 02 4a 00 00 00 1e 00 00 21 7e
7e 20 ff af 13 00 03 4a 0c 06 00 28 03 06 03 08 00 00 02 00 00 00 00 02 02 4a 00 00 00 1e 00 00 21 7e
7e 20 ff af 13 00 03 4a 0c 06 00 28 03 06 03 08 00 00 02 00 00 00 00 02 02 4a 00 00 00 1e 00 00 21 7e
7e 20 ff af 13 00 03 4a 0c 06 00 28 03 06 03 08 00 00 02 00 00 00 00 02 02 4a 00 00 00 1e 00 00 21 7e
7e 20 ff af 13 00 03 4a 0c 06 00 28 03 06 03 08 00 00 02 00 00 00 00 02 02 4a 00 00 00 1e 00 00 21 7e
7e 20 ff af 13 00 03 4a 0c 06 00 28 03 06 03 08 00 00 02 00 00 00 00 02 02 4a 00 00 00 1e 00 00 21 7e
7e 20 ff af 13 00 03 4a 0c 06 00 28 03 06 03 08 00 00 02 00 00 00 00 02 02 4a 00 00 00 1e 00 00 21 7e
7e 20 ff af 13 00 03 4a 0c 06 00 28 03 06 03 08 00 00 02 00 00 00 00 02 02 4a 00 00 00 1e 00 00 21 7e
7e 20 ff af 13 00 03 4a 0c 06 00 28 03 06 03 08 00 00 02 00 00 00 00 02 02 4a 00 00 00 1e 00 00 21 7e
7e 20 ff af 13 00 03 4a 0c 06 00 28 03 06 03 08 00 00 02 00 00 00 00 02 02 4a 00 00 00 1e 00 00 21 7e
7e 20 ff af 13 00 03 4a 0c 06 00 28 03 06 03 08 00 00 02 00 00 00 00 02 02 4a 00 00 00 1e 00 00 21 7e
7e 20 ff af 13 00 03 4a 0c 06 00 28 03 06 03 08 00 00 02 00 00 00 00 02 02 4a 00 00 00 1e 00 00 21 7e
7e 20 ff af 13 00 03 4a 0c 06 00 28 03 06 03 08 00 00 02 00 00 00 00 02 02 4a 00 00 00 1e 00 00 21 7e
7e 20 ff af 13 00 03 4a 0c 06 00 28 03 06 03 08 00 00 02 00 00 00 00 02 02 4a 00 00 00 1e 00 00 21 7e
7e 20 ff af 13 00 03 4a 0c 06 00 28 03 06 03 08 00 00 02 00 00 00 00 02 02 4a 00 00 00 1e 00 00 21 7e
7e 20 ff af 13 00 03 4a 0c 06 00 28 03 06 03 08 00 00 02 00 00 00 00 02 02 4a 00 00 00 1e 00 00 21 7e
7e 20 ff af 13 00 03 4a 0c 06 00 28 03 06 03 08 00 00 02 00 00 00 00 02 02 4a 00 00 00 1e 00 00 21 7e
7e 20 ff af 13 00 03 4a 0c 06 00 28 03 06 03 08 00 00 02 00 00 00 00 02 02 4a 00 00 00 1e 00 00 21 7e
7e 20 ff af 13 00 03 4a 0c 06 00 28 03 06 03 08 00 00 02 00 00 00 00 02 02 4a 00 00 00 1e 00 00 21 7e
7e 20 ff af 13 00 03 4a 0c 06 00 28 03 06 03 08 00 00 02 00 00 00 00 02 02 4a 00 00 00 1e 00 00 21 7e
7e 20 ff af 13 00 03 4a 0c 06 00 28 03 06 03 08 00 00 02 00 00 00 00 02 02 4a 00 00 00 1e 00 00 21 7e
7e 20 ff af 13 00 03 4a 0c 06 00 28 03 06 03 08 00 00 02 00 00 00 00 02 02 4a 00 00 00 1e 00 00 21 7e
7e 20 ff af 13 00 03 4a 0c 06 00 28 03 06 03 08 00 00 02 00 00 00 00 02 02 4a 00 00 00 1e 00 00 21 7e
7e 20 ff af 13 00 03 4a 0c 06 00 28 03 06 03 08 00 00 02 00 00 00 00 02 02 4a 00 00 00 1e 00 00 21 7e
7e 20 ff af 13 00 03 4a 0c 06 00 28 03 06 03 08 00 00 02 00 00 00 00 02 02 4a 00 00 00 1e 00 00 21 7e
7e 20 ff af 13 00 03 4a 0c 06 00 28 03 06 03 08 00 00 02 00 00 00 00 02 02 4a 00 00 00 1e 00 00 21 7e
7e 20 ff af 13 00 03 4a 0c 06 00 28 03 06 03 08 00 00 02 00 00 00 00 02 02 4a 00 00 00 1e 00 00 21 7e
7e 20 ff af 13 00 03 4a 0c 06 00 28 03 06 03 08 00 00 02 00 00 00 00 02 02 4a 00 00 00 1e 00 00 21 7e
7e 20 ff af 13 00 03 4a 0c 06 00 28 03 06 03 08 00 00 02 00 00 00 00 02 02 4a 00 00 00 1e 00 00 21 7e
7e 20 ff af 13 00 03 4a 0c 06 00 28 03 06 03 08 00 00 02 00 00 00 00 02 02 4a 00 00 00 1e 00 00 21 7e
7e 20 ff af 13 00 03 4a 0c 06 00 28 03 06 03 08 00 00 02 00 00 00 00 02 02 4a 00 00 00 1e 00 00 21 7e
7e 20 ff af 13 00 03 4a 0c 06 00 28 03 06 03 08 00 00 02 00 00 00 00 02 02 4a 00 00 00 1e 00 00 21 7e
7e 20 ff af 13 00 03 4a 0c 06 00 28 03 06 03 08 00 00 02 00 00 00 00 02 02 4a 00 00 00 1e 00 00 21 7e
7e 20 ff af 13 00 03 4a 0c 06 00 28 03 06 03 08 00 00 02 00 00 00 00 02 02 4a 00 00 00 1e 00 00 21 7e
7e 20 ff af 13 00 03 4a 0c 06 00 28 03 06 03 08 00 00 02 00 00 00 00 02 02 4a 00 00 00 1e 00 00 21 7e
7e 20 ff af 13 00 03 4a 0c 06 00 28 03 06 03 08 00 00 02 00 00 00 00 02 02 4a 00 00 00 1e 00 00 21 7e
7e 20 ff af 13 00 03 4a 0c 06 00 28 03 06 03 08 00 00 02 00 00 00 00 02 02 4a 00 00 00 1e 00 00 21 7e
7e 20 ff af 13 00 03 4a 0c 06 00 28 03 06 03 08 00 00 02 00 00 00 00 02 02 4a 00 00 00 1e 00 00 21 7e
7e 20 ff af 13 00 03 4a 0c 06 00 28 03 06 03 08 00 00 02 00 00 00 00 02 02 4a 00 00 00 1e 00 00 21 7e
7e 20 ff af 13 00 03 4a 0c 06 00 28 03 06 03 08 00 00 02 00 00 00 00 02 02 4a 00 00 00 1e 00 00 21 7e
7e 20 ff af 13 00 03 4a 0c 06 00 28 03 06 03 08 00 00 02 00 00 00 00 02 02 4a 00 00 00 1e 00 00 21 7e
7e 20 ff af 13 00 03 4a 0c 06 00 28 03 06 03 08 00 00 02 00 00 00 00 02 02 4a 00 00 00 1e 00 00 21 7e
7e 20 ff af 13 00 03 4a 0c 06 00 28 03 06 03 08 00 00 02 00 00 00 00 02 02 4a 00 00 00 1e 00 00 21 7e
7e 20 ff af 13 00 03 4a 0c 06 00 28 03 06 03 08 00 00 02 00 00 00 00 02 02 4a 00 00 00 1e 00 00 21 7e
7e 20 ff af 13 00 03 4a 0c 06 00 28 03 06 03 08 00 00 02 00 00 00 00 02 02 4a 00 00 00 1e 00 00 21 7e
7e 20 ff af 13 00 03 4a 0c 06 00 28 03 06 03 08 00 00 02 00 00 00 00 02 02 4a 00 00 00 1e 00 00 21 7e
7e 20 ff af 13 00 03 4a 0c 06 00 28 03 06 03 08 00 00 02 00 00 00 00 02 02 4a 00 00 00 1e 00 00 21 7e
7e 20 ff af 13 00 03 4a 0c 06 00 28 03 06 03 08 00 00 02 00 00 00 00 02 02 4a 00 00 00 1e 00 00 21 7e
7e 20 ff af 13 00 03 4a 0c 06 00 28 03 06 03 08 00 00 02 00 00 00 00 02 02 4a 00 00 00 1e 00 00 21 7e
7e 20 ff af 13 00 03 4a 0c 06 00 28 03 06 03 08 00 00 02 00 00 00 00 02 02 4a 00 00 00 1e 00 00 21 7e
7e 20 ff af 13 00 03 4a 0c 06 00 28 03 06 03 08 00 00 02 00 00 00 00 02 02 4a 00 00 00 1e 00 00 21 7e
7e 20 ff af 13 00 03 4a 0c 06 00 28 03 06 03 08 00 00 02 00 00 00 00 02 02 4a 00 00 00 1e 00 00 21 7e
7e 20 ff af 13 00 03 4a 0c 06 00 28 03 06 03 08 00 00 02 00 00 00 00 02 02 4a 00 00 00 1e 00 00 21 7e
7e 20 ff af 13 00 03 4a 0c 06 00 28 03 06 03 08 00 00 02 00 00 00 00 02 02 4a 00 00 00 1e 00 00 21 7e
7e 20 ff af 13 00 03 4a 0c 06 00 28 03 06 03 08 00 00 02 00 00 00 00 02 02 4a 00 00 00 1e 00 00 21 7e
7e 20 ff af 13 00 03 4a 0c 06 00 28 03 06 03 08 00 00 02 00 00 00 00 02 02 4a 00 00 00 1e 00 00 21 7e
7e 20 ff af 13 00 03 4a 0c 06 00 28 03 06 03 08 00 00 02 00 00 00 00 02 02 4a 00 00 00 1e 00 00 21 7e
7e 20 ff af 13 00 03 4a 0c 06 00 28 03 06 03 08 00 00 02 00 00 00 00 02 02 4a 00 00 00 1e 00 00 21 7e
7e 20 ff af 13 00 03 4a 0c 06 00 28 03 06 03 08 00 00 02 00 00 00 00 02 02 4a 00 00 00 1e 00 00 21 7e - 37 degree
7e 20 ff af 13 00 03 3d 0c 06 00 0f 03 06 03 08 00 00 02 00 00 00 00 04 02 4a 00 00 00 1e 00 00 59 7e - 30.5 degree. True
7e 20 ff af 13 00 03 3d 0c 06 00 0f 03 06 03 08 00 00 02 00 00 00 00 04 02 4a 00 00 00 1e 00 00 59 7e
7e 20 ff af 13 00 03 3d 0c 06 00 0f 03 06 03 08 00 00 02 00 00 00 00 04 02 4a 00 00 00 1e 00 00 59 7e
7e 20 ff af 13 00 03 3d 0c 06 00 0f 03 06 03 08 00 00 02 00 00 00 00 04 02 4a 00 00 00 1e 00 00 59 7e
7e 20 ff af 13 00 03 3d 0c 06 00 0f 03 06 03 08 00 00 02 00 00 00 00 04 02 4a 00 00 00 1e 00 00 59 7e
7e 20 ff af 13 00 03 3d 0c 06 00 0f 03 06 03 08 00 00 02 00 00 00 00 04 02 4a 00 00 00 1e 00 00 59 7e
7e 20 ff af 13 00 03 3d 0c 06 00 0f 03 06 03 08 00 00 02 00 00 00 00 04 02 4a 00 00 00 1e 00 00 59 7e
7e 20 ff af 13 00 03 3d 0c 06 00 0f 03 06 03 08 00 00 02 00 00 00 00 04 02 4a 00 00 00 1e 00 00 59 7e
7e 20 ff af 13 00 03 3d 0c 06 00 0f 03 06 03 08 00 00 02 00 00 00 00 04 02 4a 00 00 00 1e 00 00 59 7e
7e 20 ff af 13 00 03 3d 0c 06 00 0f 03 06 03 08 00 00 02 00 00 00 00 04 02 4a 00 00 00 1e 00 00 59 7e
7e 20 ff af 13 00 03 3d 0c 06 00 0f 03 06 03 08 00 00 02 00 00 00 00 04 02 4a 00 00 00 1e 00 00 59 7e
7e 20 ff af 13 00 03 3d 0c 06 00 0f 03 06 03 08 00 00 02 00 00 00 00 04 02 4a 00 00 00 1e 00 00 59 7e
7e 20 ff af 13 00 03 3d 0c 06 00 0f 03 06 03 08 00 00 02 00 00 00 00 04 02 4a 00 00 00 1e 00 00 59 7e
7e 20 ff af 13 00 03 3d 0c 06 00 0f 03 06 03 08 00 00 02 00 00 00 00 04 02 4a 00 00 00 1e 00 00 59 7e
7e 20 ff af 13 00 03 3d 0c 06 00 0f 03 06 03 08 00 00 02 00 00 00 00 04 02 4a 00 00 00 1e 00 00 59 7e
7e 20 ff af 13 00 03 3d 0c 06 00 0f 03 06 03 08 00 00 02 00 00 00 00 04 02 4a 00 00 00 1e 00 00 59 7e
7e 20 ff af 13 00 03 3d 0c 06 00 0f 03 06 03 08 00 00 02 00 00 00 00 04 02 4a 00 00 00 1e 00 00 59 7e
7e 20 ff af 13 00 03 3d 0c 06 00 0f 03 06 03 08 00 00 02 00 00 00 00 04 02 4a 00 00 00 1e 00 00 59 7e
7e 20 ff af 13 00 03 3d 0c 06 00 0f 03 06 03 08 00 00 02 00 00 00 00 04 02 4a 00 00 00 1e 00 00 59 7e
7e 20 ff af 13 00 03 3d 0c 06 00 0f 03 06 03 08 00 00 02 00 00 00 00 04 02 4a 00 00 00 1e 00 00 59 7e
7e 20 ff af 13 00 03 3d 0c 06 00 0f 03 06 03 08 00 00 02 00 00 00 00 04 02 4a 00 00 00 1e 00 00 59 7e
7e 20 ff af 13 00 03 3d 0c 06 00 0f 03 06 03 08 00 00 02 00 00 00 00 04 02 4a 00 00 00 1e 00 00 59 7e
7e 20 ff af 13 00 03 3d 0c 06 00 0f 03 06 03 08 00 00 02 00 00 00 00 04 02 4a 00 00 00 1e 00 00 59 7e - 30.5 degree
7e 20 ff af 13 00 03 3c 0c 06 00 0f 03 06 03 08 00 00 02 00 00 00 00 04 02 4a 00 00 00 1e 00 00 ab 7e - 30 degree.
7e 20 ff af 13 00 03 3c 0c 06 00 0f 03 06 03 08 00 00 02 00 00 00 00 04 02 4a 00 00 00 1e 00 00 ab 7e
7e 20 ff af 13 00 03 3c 0c 06 00 0f 03 06 03 08 00 00 02 00 00 00 00 04 02 4a 00 00 00 1e 00 00 ab 7e
7e 20 ff af 13 00 03 3c 0c 06 00 0f 03 06 03 08 00 00 02 00 00 00 00 04 02 4a 00 00 00 1e 00 00 ab 7e
7e 20 ff af 13 00 03 3c 0c 06 00 0f 03 06 03 08 00 00 02 00 00 00 00 04 02 4a 00 00 00 1e 00 00 ab 7e
7e 20 ff af 13 00 03 3c 0c 06 00 0f 03 06 03 08 00 00 02 00 00 00 00 04 02 4a 00 00 00 1e 00 00 ab 7e
7e 20 ff af 13 00 03 3c 0c 06 00 0f 03 06 03 08 00 00 02 00 00 00 00 04 02 4a 00 00 00 1e 00 00 ab 7e
7e 20 ff af 13 00 03 3c 0c 06 00 0f 03 06 03 08 00 00 02 00 00 00 00 04 02 4a 00 00 00 1e 00 00 ab 7e
7e 20 ff af 13 00 03 3c 0c 06 00 0f 03 06 03 08 00 00 02 00 00 00 00 04 02 4a 00 00 00 1e 00 00 ab 7e
7e 20 ff af 13 00 03 3c 0c 06 00 0f 03 06 03 08 00 00 02 00 00 00 00 04 02 4a 00 00 00 1e 00 00 ab 7e
7e 20 ff af 13 00 03 3c 0c 06 00 0f 03 06 03 08 00 00 02 00 00 00 00 04 02 4a 00 00 00 1e 00 00 ab 7e
7e 20 ff af 13 00 03 3c 0c 06 00 0f 03 06 03 08 00 00 02 00 00 00 00 04 02 4a 00 00 00 1e 00 00 ab 7e
7e 20 ff af 13 00 03 3c 0c 06 00 0f 03 06 03 08 00 00 02 00 00 00 00 04 02 4a 00 00 00 1e 00 00 ab 7e
7e 20 ff af 13 00 03 3c 0c 06 00 0f 03 06 03 08 00 00 02 00 00 00 00 04 02 4a 00 00 00 1e 00 00 ab 7e
7e 20 ff af 13 00 03 3c 0c 06 00 0f 03 06 03 08 00 00 02 00 00 00 00 04 02 4a 00 00 00 1e 00 00 ab 7e
7e 20 ff af 13 00 03 3c 0c 06 00 0f 03 06 03 08 00 00 02 00 00 00 00 04 02 4a 00 00 00 1e 00 00 ab 7e
7e 20 ff af 13 00 03 3c 0c 06 00 0f 03 06 03 08 00 00 02 00 00 00 00 04 02 4a 00 00 00 1e 00 00 ab 7e
7e 20 ff af 13 00 03 3c 0c 06 00 0f 03 06 03 08 00 00 02 00 00 00 00 04 02 4a 00 00 00 1e 00 00 ab 7e
7e 20 ff af 13 00 03 3c 0c 06 00 0f 03 06 03 08 00 00 02 00 00 00 00 04 02 4a 00 00 00 1e 00 00 ab 7e
7e 20 ff af 13 00 03 3c 0c 06 00 0f 03 06 03 08 00 00 02 00 00 00 00 04 02 4a 00 00 00 1e 00 00 ab 7e
7e 20 ff af 13 00 03 3c 0c 06 00 0f 03 06 03 08 00 00 02 00 00 00 00 04 02 4a 00 00 00 1e 00 00 ab 7e
7e 20 ff af 13 00 03 3c 0c 06 00 0f 03 06 03 08 00 00 02 00 00 00 00 04 02 4a 00 00 00 1e 00 00 ab 7e
7e 20 ff af 13 00 03 3c 0c 06 00 0f 03 06 03 08 00 00 02 00 00 00 00 04 02 4a 00 00 00 1e 00 00 ab 7e
7e 20 ff af 13 00 03 3c 0c 06 00 0f 03 06 03 08 00 00 02 00 00 00 00 04 02 4a 00 00 00 1e 00 00 ab 7e
7e 20 ff af 13 00 03 3c 0c 06 00 0f 03 06 03 08 00 00 02 00 00 00 00 04 02 4a 00 00 00 1e 00 00 ab 7e
7e 20 ff af 13 00 03 3c 0c 06 00 0f 03 06 03 08 00 00 02 00 00 00 00 04 02 4a 00 00 00 1e 00 00 ab 7e
7e 20 ff af 13 00 03 3c 0c 06 00 0f 03 06 03 08 00 00 02 00 00 00 00 04 02 4a 00 00 00 1e 00 00 ab 7e
7e 20 ff af 13 00 03 3c 0c 06 00 0f 03 06 03 08 00 00 02 00 00 00 00 04 02 4a 00 00 00 1e 00 00 ab 7e
7e 20 ff af 13 00 03 3c 0c 06 00 0f 03 06 03 08 00 00 02 00 00 00 00 04 02 4a 00 00 00 1e 00 00 ab 7e
7e 20 ff af 13 00 03 3c 0c 06 00 0f 03 06 03 08 00 00 02 00 00 00 00 04 02 4a 00 00 00 1e 00 00 ab 7e
7e 20 ff af 13 00 03 3c 0c 06 00 0f 03 06 03 08 00 00 02 00 00 00 00 04 02 4a 00 00 00 1e 00 00 ab 7e
7e 20 ff af 13 00 03 3c 0c 06 00 0f 03 06 03 08 00 00 02 00 00 00 00 04 02 4a 00 00 00 1e 00 00 ab 7e
7e 20 ff af 13 00 03 3c 0c 06 00 0f 03 06 03 08 00 00 02 00 00 00 00 04 02 4a 00 00 00 1e 00 00 ab 7e
7e 20 ff af 13 00 03 3c 0c 06 00 0f 03 06 03 08 00 00 02 00 00 00 00 04 02 4a 00 00 00 1e 00 00 ab 7e
7e 20 ff af 13 00 03 3c 0c 06 00 0f 03 06 03 08 00 00 02 00 00 00 00 04 02 4a 00 00 00 1e 00 00 ab 7e
7e 20 ff af 13 00 03 3c 0c 06 00 0f 03 06 03 08 00 00 02 00 00 00 00 04 02 4a 00 00 00 1e 00 00 ab 7e
7e 20 ff af 13 00 03 3c 0c 06 00 0f 03 06 03 08 00 00 02 00 00 00 00 04 02 4a 00 00 00 1e 00 00 ab 7e
7e 20 ff af 13 00 03 3c 0c 06 00 0f 03 06 03 08 00 00 02 00 00 00 00 04 02 4a 00 00 00 1e 00 00 ab 7e
7e 20 ff af 13 00 03 3c 0c 06 00 0f 03 06 03 08 00 00 02 00 00 00 00 04 02 4a 00 00 00 1e 00 00 ab 7e
7e 20 ff af 13 00 03 3c 0c 06 00 0f 03 06 03 08 00 00 02 00 00 00 00 04 02 4a 00 00 00 1e 00 00 ab 7e
7e 20 ff af 13 00 03 3c 0c 06 00 0f 03 06 03 08 00 00 02 00 00 00 00 04 02 4a 00 00 00 1e 00 00 ab 7e
7e 20 ff af 13 00 03 3c 0c 06 00 0f 03 06 03 08 00 00 02 00 00 00 00 04 02 4a 00 00 00 1e 00 00 ab 7e
7e 20 ff af 13 00 03 3c 0c 06 00 0f 03 06 03 08 00 00 02 00 00 00 00 04 02 4a 00 00 00 1e 00 00 ab 7e
7e 20 ff af 13 00 03 3c 0c 06 00 0f 03 06 03 08 00 00 02 00 00 00 00 04 02 4a 00 00 00 1e 00 00 ab 7e
7e 20 ff af 13 00 03 3c 0c 06 00 0f 03 06 03 08 00 00 02 00 00 00 00 04 02 4a 00 00 00 1e 00 00 ab 7e
7e 20 ff af 13 00 03 3c 0c 06 00 0f 03 06 03 08 00 00 02 00 00 00 00 04 02 4a 00 00 00 1e 00 00 ab 7e
7e 20 ff af 13 00 03 3c 0c 06 00 0f 03 06 03 08 00 00 02 00 00 00 00 04 02 4a 00 00 00 1e 00 00 ab 7e
7e 20 ff af 13 00 03 3c 0c 06 00 0f 03 06 03 08 00 00 02 00 00 00 00 04 02 4a 00 00 00 1e 00 00 ab 7e
7e 20 ff af 13 00 03 3c 0c 06 00 0f 03 06 03 08 00 00 02 00 00 00 00 04 02 4a 00 00 00 1e 00 00 ab 7e
7e 20 ff af 13 00 03 3c 0c 06 00 0f 03 06 03 08 00 00 02 00 00 00 00 04 02 4a 00 00 00 1e 00 00 ab 7e
7e 20 ff af 13 00 03 3c 0c 06 00 0f 03 06 03 08 00 00 02 00 00 00 00 04 02 4a 00 00 00 1e 00 00 ab 7e
7e 20 ff af 13 00 03 3c 0c 06 00 0f 03 06 03 08 00 00 02 00 00 00 00 04 02 4a 00 00 00 1e 00 00 ab 7e
7e 20 ff af 13 00 03 3c 0c 06 00 0f 03 06 03 08 00 00 02 00 00 00 00 04 02 4a 00 00 00 1e 00 00 ab 7e
7e 20 ff af 13 00 03 3c 0c 06 00 0f 03 06 03 08 00 00 02 00 00 00 00 04 02 4a 00 00 00 1e 00 00 ab 7e
7e 20 ff af 13 00 03 3c 0c 06 00 0f 03 06 03 08 00 00 02 00 00 00 00 04 02 4a 00 00 00 1e 00 00 ab 7e
7e 20 ff af 13 00 03 3c 0c 06 00 0f 03 06 03 08 00 00 02 00 00 00 00 04 02 4a 00 00 00 1e 00 00 ab 7e
7e 20 ff af 13 00 03 3c 0c 06 00 0f 03 06 03 08 00 00 02 00 00 00 00 04 02 4a 00 00 00 1e 00 00 ab 7e
7e 20 ff af 13 00 03 3c 0c 06 00 0f 03 06 03 08 00 00 02 00 00 00 00 04 02 4a 00 00 00 1e 00 00 ab 7e
7e 20 ff af 13 00 03 3c 0c 06 00 0f 03 06 03 08 00 00 02 00 00 00 00 04 02 4a 00 00 00 1e 00 00 ab 7e
7e 20 ff af 13 00 03 3c 0c 06 00 28 03 06 03 18 00 00 02 00 00 00 00 02 02 4a 00 00 00 1e 00 00 c0 7e
7e 20 ff af 13 00 03 3c 0c 06 00 28 03 06 03 18 00 00 02 00 00 00 00 02 02 4a 00 00 00 1e 00 00 c0 7e - 30 degree
7e 20 ff af 13 00 03 3b 0c 06 00 28 03 06 03 18 00 00 02 00 00 00 00 02 02 4a 00 00 00 1e 00 00 10 7e - 29.5
7e 20 ff af 13 00 03 3b 0c 06 00 28 03 06 03 18 00 00 02 00 00 00 00 02 02 4a 00 00 00 1e 00 00 10 7e
7e 20 ff af 13 00 03 3b 0c 06 00 28 03 06 03 18 00 00 02 00 00 00 00 02 02 4a 00 00 00 1e 00 00 10 7e
7e 20 ff af 13 00 03 3b 0c 06 00 28 03 06 03 18 00 00 02 00 00 00 00 02 02 4a 00 00 00 1e 00 00 10 7e
7e 20 ff af 13 00 03 3b 0c 06 00 28 03 06 03 18 00 00 02 00 00 00 00 02 02 4a 00 00 00 1e 00 00 10 7e
7e 20 ff af 13 00 03 3b 0c 06 00 28 03 06 03 18 00 00 02 00 00 00 00 02 02 4a 00 00 00 1e 00 00 10 7e
7e 20 ff af 13 00 03 3b 0c 06 00 28 03 06 03 18 00 00 02 00 00 00 00 02 02 4a 00 00 00 1e 00 00 10 7e
7e 20 ff af 13 00 03 3b 0c 06 00 28 03 06 03 18 00 00 02 00 00 00 00 02 02 4a 00 00 00 1e 00 00 10 7e
7e 20 ff af 13 00 03 3b 0c 06 00 28 03 06 03 18 00 00 02 00 00 00 00 02 02 4a 00 00 00 1e 00 00 10 7e
7e 20 ff af 13 00 03 3b 0c 06 00 28 03 06 03 18 00 00 02 00 00 00 00 02 02 4a 00 00 00 1e 00 00 10 7e
7e 20 ff af 13 00 03 3b 0c 06 00 28 03 06 03 18 00 00 02 00 00 00 00 02 02 4a 00 00 00 1e 00 00 10 7e
7e 20 ff af 13 00 03 3b 0c 06 00 28 03 06 03 18 00 00 02 00 00 00 00 02 02 4a 00 00 00 1e 00 00 10 7e
7e 20 ff af 13 00 03 3b 0c 06 00 28 03 06 03 18 00 00 02 00 00 00 00 02 02 4a 00 00 00 1e 00 00 10 7e
7e 20 ff af 13 00 03 3b 0c 06 00 28 03 06 03 18 00 00 02 00 00 00 00 02 02 4a 00 00 00 1e 00 00 10 7e
7e 20 ff af 13 00 03 3b 0c 06 00 28 03 06 03 18 00 00 02 00 00 00 00 02 02 4a 00 00 00 1e 00 00 10 7e
7e 20 ff af 13 00 03 3b 0c 06 00 28 03 06 03 18 00 00 02 00 00 00 00 02 02 4a 00 00 00 1e 00 00 10 7e
7e 20 ff af 13 00 03 3b 0c 06 00 28 03 06 03 18 00 00 02 00 00 00 00 02 02 4a 00 00 00 1e 00 00 10 7e
7e 20 ff af 13 00 03 3b 0c 06 00 28 03 06 03 18 00 00 02 00 00 00 00 02 02 4a 00 00 00 1e 00 00 10 7e
7e 20 ff af 13 00 03 3b 0c 06 00 28 03 06 03 28 00 00 02 00 00 00 00 02 02 4a 00 00 00 1e 00 00 37 7e
7e 20 ff af 13 00 03 3b 0c 06 00 28 03 06 03 28 00 00 02 00 00 00 00 02 02 4a 00 00 00 1e 00 00 37 7e
7e 20 ff af 13 00 03 3b 0c 06 00 28 03 06 03 28 00 00 02 00 00 00 00 02 02 4a 00 00 00 1e 00 00 37 7e
7e 20 ff af 13 00 03 3b 0c 06 00 28 03 06 03 28 00 00 02 00 00 00 00 02 02 4a 00 00 00 1e 00 00 37 7e
7e 20 ff af 13 00 03 3b 0c 06 00 28 03 06 03 28 00 00 02 00 00 00 00 02 02 4a 00 00 00 1e 00 00 37 7e
7e 20 ff af 13 00 03 3b 0c 06 00 28 03 06 03 28 00 00 02 00 00 00 00 02 02 4a 00 00 00 1e 00 00 37 7e
7e 20 ff af 13 00 03 3b 0c 06 00 28 03 06 03 28 00 00 02 00 00 00 00 02 02 4a 00 00 00 1e 00 00 37 7e
7e 20 ff af 13 00 03 3b 0c 06 00 28 03 06 03 28 00 00 02 00 00 00 00 02 02 4a 00 00 00 1e 00 00 37 7e
7e 20 ff af 13 00 03 3b 0c 06 00 28 03 06 03 28 00 00 02 00 00 00 00 02 02 4a 00 00 00 1e 00 00 37 7e
7e 20 ff af 13 00 03 3b 0c 06 00 28 03 06 03 28 00 00 02 00 00 00 00 02 02 4a 00 00 00 1e 00 00 37 7e
7e 20 ff af 13 00 03 3b 0c 06 00 28 03 06 03 28 00 00 02 00 00 00 00 02 02 4a 00 00 00 1e 00 00 37 7e
7e 20 ff af 13 00 03 3b 0c 06 00 28 03 06 03 28 00 00 02 00 00 00 00 02 02 4a 00 00 00 1e 00 00 37 7e
7e 20 ff af 13 00 03 3b 0c 06 00 28 03 06 03 28 00 00 02 00 00 00 00 02 02 4a 00 00 00 1e 00 00 37 7e
7e 20 ff af 13 00 03 3b 0c 06 00 28 03 06 03 28 00 00 02 00 00 00 00 02 02 4a 00 00 00 1e 00 00 37 7e
7e 20 ff af 13 00 03 3b 0c 06 00 28 03 06 03 28 00 00 02 00 00 00 00 02 02 4a 00 00 00 1e 00 00 37 7e
7e 20 ff af 13 00 03 3b 0c 06 00 28 03 06 03 28 00 00 02 00 00 00 00 02 02 4a 00 00 00 1e 00 00 37 7e
7e 20 ff af 13 00 03 3b 0c 06 00 28 03 06 03 28 00 00 02 00 00 00 00 02 02 4a 00 00 00 1e 00 00 37 7e
7e 20 ff af 13 00 03 3b 0c 06 00 28 03 06 03 28 00 00 02 00 00 00 00 02 02 4a 00 00 00 1e 00 00 37 7e
7e 20 ff af 13 00 03 3b 0c 06 00 28 03 06 03 28 00 00 02 00 00 00 00 02 02 4a 00 00 00 1e 00 00 37 7e
7e 20 ff af 13 00 03 3b 0c 07 00 28 03 06 03 28 00 00 02 00 00 00 00 02 02 4a 00 00 00 1e 00 00 8e 7e
7e 20 ff af 13 00 03 3b 0c 07 00 28 03 06 03 28 00 00 02 00 00 00 00 02 02 4a 00 00 00 1e 00 00 8e 7e
7e 20 ff af 13 00 03 3b 0c 07 00 28 03 06 03 28 00 00 02 00 00 00 00 02 02 4a 00 00 00 1e 00 00 8e 7e
7e 20 ff af 13 00 03 3b 0c 07 00 28 03 06 03 28 00 00 02 00 00 00 00 02 02 4a 00 00 00 1e 00 00 8e 7e
7e 20 ff af 13 00 03 3b 0c 07 00 28 03 06 03 28 00 00 02 00 00 00 00 02 02 4a 00 00 00 1e 00 00 8e 7e
7e 20 ff af 13 00 03 3b 0c 07 00 28 03 06 03 28 00 00 02 00 00 00 00 02 02 4a 00 00 00 1e 00 00 8e 7e
7e 20 ff af 13 00 03 3b 0c 07 00 28 03 06 03 28 00 00 02 00 00 00 00 02 02 4a 00 00 00 1e 00 00 8e 7e
7e 20 ff af 13 00 03 3b 0c 07 00 28 03 06 03 28 00 00 02 00 00 00 00 02 02 4a 00 00 00 1e 00 00 8e 7e
7e 20 ff af 13 00 03 3b 0c 07 00 28 03 06 03 28 00 00 02 00 00 00 00 02 02 4a 00 00 00 1e 00 00 8e 7e
7e 20 ff af 13 00 03 3b 0c 07 00 28 03 06 03 28 00 00 02 00 00 00 00 02 02 4a 00 00 00 1e 00 00 8e 7e
7e 20 ff af 13 00 03 3b 0c 07 00 28 03 06 03 28 00 00 02 00 00 00 00 02 02 4a 00 00 00 1e 00 00 8e 7e
7e 20 ff af 13 00 03 3b 0c 07 00 28 03 06 03 28 00 00 02 00 00 00 00 02 02 4a 00 00 00 1e 00 00 8e 7e
7e 20 ff af 13 00 03 3b 0c 07 00 28 03 06 03 28 00 00 02 00 00 00 00 02 02 4a 00 00 00 1e 00 00 8e 7e
7e 20 ff af 13 00 03 3b 0c 07 00 28 03 06 03 28 00 00 02 00 00 00 00 02 02 4a 00 00 00 1e 00 00 8e 7e
7e 20 ff af 13 00 03 3b 0c 07 00 28 03 06 03 28 00 00 02 00 00 00 00 02 02 4a 00 00 00 1e 00 00 8e 7e
7e 20 ff af 13 00 03 3b 0c 07 00 28 03 06 03 28 00 00 02 00 00 00 00 02 02 4a 00 00 00 1e 00 00 8e 7e
7e 20 ff af 13 00 03 3b 0c 07 00 28 03 06 03 28 00 00 02 00 00 00 00 02 02 4a 00 00 00 1e 00 00 8e 7e
7e 20 ff af 13 00 03 3b 0c 07 00 28 03 06 03 28 00 00 02 00 00 00 00 02 02 4a 00 00 00 1e 00 00 8e 7e
7e 20 ff af 13 00 03 3b 0c 07 00 28 03 06 03 28 00 00 02 00 00 00 00 02 02 4a 00 00 00 1e 00 00 8e 7e
7e 20 ff af 13 00 03 3b 0c 07 00 28 03 06 03 28 00 00 02 00 00 00 00 02 02 4a 00 00 00 1e 00 00 8e 7e
7e 20 ff af 13 00 03 3b 0c 07 00 28 03 06 03 28 00 00 02 00 00 00 00 02 02 4a 00 00 00 1e 00 00 8e 7e
7e 20 ff af 13 00 03 3b 0c 07 00 28 03 06 03 28 00 00 02 00 00 00 00 02 02 4a 00 00 00 1e 00 00 8e 7e
7e 20 ff af 13 00 03 3b 0c 07 00 28 03 06 03 28 00 00 02 00 00 00 00 02 02 4a 00 00 00 1e 00 00 8e 7e
7e 20 ff af 13 00 03 3b 0c 07 00 28 03 06 03 28 00 00 02 00 00 00 00 02 02 4a 00 00 00 1e 00 00 8e 7e
7e 20 ff af 13 00 03 3b 0c 07 00 28 03 06 03 28 00 00 02 00 00 00 00 02 02 4a 00 00 00 1e 00 00 8e 7e
7e 20 ff af 13 00 03 3b 0c 07 00 28 03 06 03 28 00 00 02 00 00 00 00 02 02 4a 00 00 00 1e 00 00 8e 7e
7e 20 ff af 13 00 03 3b 0c 07 00 28 03 06 03 28 00 00 02 00 00 00 00 02 02 4a 00 00 00 1e 00 00 8e 7e
7e 20 ff af 13 00 03 3b 0c 07 00 28 03 06 03 28 00 00 02 00 00 00 00 02 02 4a 00 00 00 1e 00 00 8e 7e
7e 20 ff af 13 00 03 3b 0c 07 00 28 03 06 03 28 00 00 02 00 00 00 00 02 02 4a 00 00 00 1e 00 00 8e 7e
7e 20 ff af 13 00 03 3b 0c 07 00 28 03 06 03 28 00 00 02 00 00 00 00 02 02 4a 00 00 00 1e 00 00 8e 7e
7e 20 ff af 13 00 03 3b 0c 07 00 28 03 06 03 28 00 00 02 00 00 00 00 02 02 4a 00 00 00 1e 00 00 8e 7e
7e 20 ff af 13 00 03 3b 0c 07 00 28 03 06 03 28 00 00 02 00 00 00 00 02 02 4a 00 00 00 1e 00 00 8e 7e
7e 20 ff af 13 00 03 3b 0c 07 00 28 03 06 03 28 00 00 02 00 00 00 00 02 02 4a 00 00 00 1e 00 00 8e 7e
7e 20 ff af 13 00 03 3b 0c 07 00 28 03 06 03 28 00 00 02 00 00 00 00 02 02 4a 00 00 00 1e 00 00 8e 7e
7e 20 ff af 13 00 03 3b 0c 07 00 28 03 06 03 28 00 00 02 00 00 00 00 02 02 4a 00 00 00 1e 00 00 8e 7e
7e 20 ff af 13 00 03 3b 0c 07 00 28 03 06 03 28 00 00 02 00 00 00 00 02 02 4a 00 00 00 1e 00 00 8e 7e
7e 20 ff af 13 00 03 3b 0c 07 00 28 03 06 03 28 00 00 02 00 00 00 00 02 02 4a 00 00 00 1e 00 00 8e 7e
7e 20 ff af 13 00 03 3b 0c 07 00 28 03 06 03 28 00 00 02 00 00 00 00 02 02 4a 00 00 00 1e 00 00 8e 7e
7e 20 ff af 13 00 03 3b 0c 07 00 28 03 06 03 28 00 00 02 00 00 00 00 02 02 4a 00 00 00 1e 00 00 8e 7e
7e 20 ff af 13 00 03 3b 0c 07 00 28 03 06 03 28 00 00 02 00 00 00 00 02 02 4a 00 00 00 1e 00 00 8e 7e
7e 20 ff af 13 00 03 3b 0c 07 00 28 03 06 03 28 00 00 02 00 00 00 00 02 02 4a 00 00 00 1e 00 00 8e 7e
7e 20 ff af 13 00 03 3b 0c 07 00 28 03 06 03 28 00 00 02 00 00 00 00 02 02 4a 00 00 00 1e 00 00 8e 7e
7e 20 ff af 13 00 03 3b 0c 07 00 28 03 06 03 28 00 00 02 00 00 00 00 02 02 4a 00 00 00 1e 00 00 8e 7e
7e 20 ff af 13 00 03 3b 0c 07 00 28 03 06 03 28 00 00 02 00 00 00 00 02 02 4a 00 00 00 1e 00 00 8e 7e
7e 20 ff af 13 00 03 3b 0c 07 00 28 03 06 03 28 00 00 02 00 00 00 00 02 02 4a 00 00 00 1e 00 00 8e 7e - 29.5
7e 20 ff af 13 00 03 3a 0c 07 00 28 03 06 03 28 00 00 02 00 00 00 00 02 02 4a 00 00 00 1e 00 00 7c 7e - 29
7e 20 ff af 13 00 03 3a 0c 07 00 28 03 06 03 28 00 00 02 00 00 00 00 02 02 4a 00 00 00 1e 00 00 7c 7e
7e 20 ff af 13 00 03 3a 0c 07 00 28 03 06 03 28 00 00 02 00 00 00 00 02 02 4a 00 00 00 1e 00 00 7c 7e
7e 20 ff af 13 00 03 3a 0c 07 00 28 03 06 03 28 00 00 02 00 00 00 00 02 02 4a 00 00 00 1e 00 00 7c 7e
7e 20 ff af 13 00 03 3a 0c ff 04 02 00 00 00 00 02 02 4a 00 00 00 1e 00 00 7c 7e 7e 05 10 bf 06 5c 7e
7e 20 ff af 13 00 03 3a 0c 07 00 28 03 06 03 28 00 00 02 00 00 00 00 02 02 4a 00 00 00 1e 00 00 7c 7e
7e 20 ff af 13 00 03 3a 0c 07 00 28 03 06 03 28 00 00 02 00 00 00 00 02 02 4a 00 00 00 1e 00 00 7c 7e
7e 20 ff af 13 00 03 3a 0c 07 00 28 03 06 03 28 00 00 02 00 00 00 00 02 02 4a 00 00 00 1e 00 00 7c 7e
7e 20 ff af 13 00 03 3a 0c 07 00 28 03 06 03 28 00 00 02 00 00 00 00 02 02 4a 00 00 00 1e 00 00 7c 7e
7e 20 ff af 13 00 03 3a 0c 07 00 28 03 06 03 28 00 00 02 00 00 00 00 02 02 4a 00 00 00 1e 00 00 7c 7e
7e 20 ff af 13 00 03 3a 0c 07 00 28 03 06 03 28 00 00 02 00 00 00 00 02 02 4a 00 00 00 1e 00 00 7c 7e
7e 20 ff af 13 00 03 3a 0c 07 00 28 03 06 03 28 00 00 02 00 00 00 00 02 02 4a 00 00 00 1e 00 00 7c 7e
7e 20 ff af 13 00 03 3a 0c 07 00 28 03 06 03 28 00 00 02 00 00 00 00 02 02 4a 00 00 00 1e 00 00 7c 7e
7e 20 ff af 13 00 03 3a 0c 07 00 28 03 06 03 28 00 00 02 00 00 00 00 02 02 4a 00 00 00 1e 00 00 7c 7e
7e 20 ff af 13 00 03 3a 0c 07 00 28 03 06 03 28 00 00 02 00 00 00 00 02 02 4a 00 00 00 1e 00 00 7c 7e
7e 20 ff af 13 00 03 3a 0c 07 00 28 03 06 03 28 00 00 02 00 00 00 00 02 02 4a 00 00 00 1e 00 00 7c 7e
7e 20 ff af 13 00 03 3a 0c 07 00 28 03 06 03 28 00 00 02 00 00 00 00 02 02 4a 00 00 00 1e 00 00 7c 7e
7e 20 ff af 13 00 03 3a 0c 07 00 28 03 06 03 28 00 00 02 00 00 00 00 02 02 4a 00 00 00 1e 00 00 7c 7e
7e 20 ff af 13 00 03 3a 0c 07 00 28 03 06 03 28 00 00 02 00 00 00 00 02 02 4a 00 00 00 1e 00 00 7c 7e
7e 20 ff af 13 00 03 3a 0c 07 00 28 03 06 03 28 00 00 02 00 00 00 00 02 02 4a 00 00 00 1e 00 00 7c 7e
7e 20 ff af 13 00 03 3a 0c 07 00 28 03 06 03 28 00 00 02 00 00 00 00 02 02 4a 00 00 00 1e 00 00 7c 7e
7e 20 ff af 13 00 03 3a 0c 07 00 28 03 06 03 28 00 00 02 00 00 00 00 02 02 4a 00 00 00 1e 00 00 7c 7e
7e 20 ff af 13 00 03 3a 0c 07 00 28 03 06 03 28 00 00 02 00 00 00 00 02 02 4a 00 00 00 1e 00 00 7c 7e
7e 20 ff af 13 00 03 3a 0c 07 00 28 03 06 03 28 00 00 02 00 00 00 00 02 02 4a 00 00 00 1e 00 00 7c 7e
7e 20 ff af 13 00 03 3a 0c 07 00 28 03 06 03 28 00 00 02 00 00 00 00 02 02 4a 00 00 00 1e 00 00 7c 7e
7e 20 ff af 13 00 03 3a 0c 07 00 28 03 06 03 28 00 00 02 00 00 00 00 02 02 4a 00 00 00 1e 00 00 7c 7e
7e 20 ff af 13 00 03 3a 0c 07 00 28 03 06 03 28 00 00 02 00 00 00 00 02 02 4a 00 00 00 1e 00 00 7c 7e
7e 20 ff af 13 00 03 3a 0c 07 00 28 03 06 03 28 00 00 02 00 00 00 00 02 02 4a 00 00 00 1e 00 00 7c 7e
7e 20 ff af 13 00 03 3a 0c 07 00 28 03 06 03 28 00 00 02 00 00 00 00 02 02 4a 00 00 00 1e 00 00 7c 7e
7e 20 ff af 13 00 03 3a 0c 07 00 28 03 06 03 28 00 00 02 00 00 00 00 02 02 4a 00 00 00 1e 00 00 7c 7e
7e 20 ff af 13 00 03 3a 0c 07 00 28 03 06 03 28 00 00 02 00 00 00 00 02 02 4a 00 00 00 1e 00 00 7c 7e
7e 20 ff af 13 00 03 3a 0c 07 00 28 03 06 03 28 00 00 02 00 00 00 00 02 02 4a 00 00 00 1e 00 00 7c 7e
7e 20 ff af 13 00 03 3a 0c 07 00 28 03 06 03 28 00 00 02 00 00 00 00 02 02 4a 00 00 00 1e 00 00 7c 7e
7e 20 ff af 13 00 03 3a 0c 07 00 28 03 06 03 28 00 00 02 00 00 00 00 02 02 4a 00 00 00 1e 00 00 7c 7e
7e 20 ff af 13 00 03 3a 0c 07 00 28 03 06 03 28 00 00 02 00 00 00 00 02 02 4a 00 00 00 1e 00 00 7c 7e
7e 20 ff af 13 00 03 3a 0c 07 00 28 03 06 03 28 00 00 02 00 00 00 00 02 02 4a 00 00 00 1e 00 00 7c 7e
7e 20 ff af 13 00 03 3a 0c 07 00 28 03 06 03 28 00 00 02 00 00 00 00 02 02 4a 00 00 00 1e 00 00 7c 7e
7e 20 ff af 13 00 03 3a 0c 07 00 28 03 06 03 28 00 00 02 00 00 00 00 02 02 4a 00 00 00 1e 00 00 7c 7e
7e 20 ff af 13 00 03 3a 0c 07 00 28 03 06 03 28 00 00 02 00 00 00 00 02 02 4a 00 00 00 1e 00 00 7c 7e
7e 20 ff af 13 00 03 3a 0c 07 00 28 03 06 03 28 00 00 02 00 00 00 00 02 02 4a 00 00 00 1e 00 00 7c 7e
7e 20 ff af 13 00 03 3a 0c 07 00 28 03 06 03 28 00 00 02 00 00 00 00 02 02 4a 00 00 00 1e 00 00 7c 7e
7e 20 ff af 13 00 03 3a 0c 07 00 28 03 06 03 28 00 00 02 00 00 00 00 02 02 4a 00 00 00 1e 00 00 7c 7e
7e 20 ff af 13 00 03 3a 0c 07 00 28 03 06 03 28 00 00 02 00 00 00 00 02 02 4a 00 00 00 1e 00 00 7c 7e
7e 20 ff af 13 00 03 3a 0c 07 00 28 03 06 03 28 00 00 02 00 00 00 00 02 02 4a 00 00 00 1e 00 00 7c 7e
7e 20 ff af 13 00 03 3a 0c 07 00 28 03 06 03 28 00 00 02 00 00 00 00 02 02 4a 00 00 00 1e 00 00 7c 7e
7e 20 ff af 13 00 03 3a 0c 07 00 28 03 06 03 28 00 00 02 00 00 00 00 02 02 4a 00 00 00 1e 00 00 7c 7e
7e 20 ff af 13 00 03 3a 0c 07 00 28 03 06 03 28 00 00 02 00 00 00 00 02 02 4a 00 00 00 1e 00 00 7c 7e
7e 20 ff af 13 00 03 3a 0c 07 00 28 03 06 03 28 00 00 02 00 00 00 00 02 02 4a 00 00 00 1e 00 00 7c 7e - 29
7e 20 ff af 13 00 03 39 0c 07 00 28 03 06 03 28 00 00 02 00 00 00 00 02 02 4a 00 00 00 1e 00 00 6d 7e - 28.5
7e 20 ff af 13 00 03 39 0c 07 00 28 03 06 03 28 00 00 02 00 00 00 00 02 02 4a 00 00 00 1e 00 00 6d 7e
7e 20 ff af 13 00 03 39 0c 07 00 28 03 06 03 28 00 00 02 00 00 00 00 02 02 4a 00 00 00 1e 00 00 6d 7e
7e 20 ff af 13 00 03 39 0c 07 00 28 03 06 03 28 00 00 02 00 00 00 00 02 02 4a 00 00 00 1e 00 00 6d 7e
7e 20 ff af 13 00 03 39 0c 07 00 28 03 06 03 28 00 00 02 00 00 00 00 02 02 4a 00 00 00 1e 00 00 6d 7e
7e 20 ff af 13 00 03 39 0c 07 00 28 03 06 03 28 00 00 02 00 00 00 00 02 02 4a 00 00 00 1e 00 00 6d 7e
7e 20 ff af 13 00 03 39 0c 07 00 28 03 06 03 28 00 00 02 00 00 00 00 02 02 4a 00 00 00 1e 00 00 6d 7e - 28.5
7e 20 ff af 13 00 03 38 0c 07 00 28 03 06 03 28 00 00 02 00 00 00 00 02 02 4a 00 00 00 1e 00 00 9f 7e - 28
7e 20 ff af 13 00 03 38 0c 07 00 28 03 06 03 28 00 00 02 00 00 00 00 02 02 4a 00 00 00 1e 00 00 9f 7e
7e 20 ff af 13 00 03 38 0c 07 00 28 03 06 03 28 00 00 02 00 00 00 00 02 02 4a 00 00 00 1e 00 00 9f 7e
7e 20 ff af 13 00 03 38 0c 07 00 28 03 06 03 28 00 00 02 00 00 00 00 02 02 4a 00 00 00 1e 00 00 9f 7e
7e 20 ff af 13 00 03 38 0c 07 00 28 03 06 03 28 00 00 02 00 00 00 00 02 02 4a 00 00 00 1e 00 00 9f 7e - 28
7e 20 ff af 13 00 03 37 0c 07 00 28 03 06 03 28 00 00 02 00 00 00 00 02 02 4a 00 00 00 1e 00 00 ca 7e - 27.5
7e 20 ff af 13 00 03 37 0c 07 00 28 03 06 03 28 00 00 02 00 00 00 00 02 02 4a 00 00 00 1e 00 00 ca 7e
7e 20 ff af 13 00 03 37 0c 07 00 28 03 06 03 28 00 00 02 00 00 00 00 02 02 4a 00 00 00 1e 00 00 ca 7e - 27.5 degree
7e 20 ff af 13 00 03 36 0c 07 00 28 03 06 03 28 00 00 02 00 00 00 00 02 02 4a 00 00 00 1e 00 00 38 7e - 27 degree
7e 20 ff af 13 00 03 36 0c 07 00 28 03 06 03 28 00 00 02 00 00 00 00 02 02 4a 00 00 00 1e 00 00 38 7e
7e 20 ff af 13 00 03 36 0c 07 00 28 03 06 03 28 00 00 02 00 00 00 00 02 02 4a 00 00 00 1e 00 00 38 7e
7e 20 ff af 13 00 03 36 0c 07 00 28 03 06 03 28 00 00 02 00 00 00 00 02 02 4a 00 00 00 1e 00 00 38 7e - 27
7e 20 ff af 13 00 03 35 0c 07 00 28 03 06 03 28 00 00 02 00 00 00 00 02 02 4a 00 00 00 1e 00 00 29 7e - 26.5
7e 20 ff af 13 00 03 35 0c 07 00 28 03 06 03 28 00 00 02 00 00 00 00 02 02 4a 00 00 00 1e 00 00 29 7e
7e 20 ff af 13 00 03 35 0c 07 00 28 03 06 03 28 00 00 02 00 00 00 00 02 02 4a 00 00 00 1e 00 00 29 7e - 26.5
7e 20 ff af 13 00 03 34 0c 07 00 28 03 06 03 28 00 00 02 00 00 00 00 02 02 4a 00 00 00 1e 00 00 db 7e - 26
7e 20 ff af 13 00 03 34 0c 07 00 28 03 06 03 28 00 00 02 00 00 00 00 02 02 4a 00 00 00 1e 00 00 db 7e
7e 20 ff af 13 00 03 34 0c 07 00 28 03 06 03 28 00 00 02 00 00 00 00 02 02 4a 00 00 00 1e 00 00 db 7e
7e 20 ff af 13 00 03 34 0c 07 00 28 03 06 03 28 00 00 02 00 00 00 00 02 02 4a 00 00 00 1e 00 00 db 7e
7e 20 ff af 13 00 03 34 0c 07 00 28 03 06 03 28 00 00 02 00 00 00 00 02 02 4a 00 00 00 1e 00 00 db 7e
7e 20 ff af 13 00 03 34 0c 07 00 28 03 06 03 28 00 00 02 00 00 00 00 02 02 4a 00 00 00 1e 00 00 db 7e
7e 20 ff af 13 00 03 34 0c 07 00 28 03 06 03 28 00 00 02 00 00 00 00 02 02 4a 00 00 00 1e 00 00 db 7e
7e 20 ff af 13 00 03 34 0c 07 00 28 03 06 03 28 00 00 02 00 00 00 00 02 02 4a 00 00 00 1e 00 00 db 7e - 26 degree
7e 20 ff af 13 00 03 33 0c 07 00 28 03 06 03 28 00 00 02 00 00 00 00 02 02 4a 00 00 00 1e 00 00 0b 7e - 25.5 degree
7e 20 ff af 13 00 03 33 0c 07 00 28 03 06 03 28 00 00 02 00 00 00 00 02 02 4a 00 00 00 1e 00 00 0b 7e
7e 20 ff af 13 00 03 33 0c 07 00 28 03 06 03 28 00 00 02 00 00 00 00 02 02 4a 00 00 00 1e 00 00 0b 7e
7e 20 ff af 13 00 03 33 0c 07 fc 09 00 00 00 00 02 02 4a 00 00 00 1e 00 00 0b 7e 7e 05 10 bf 06 5c 7e
7e 20 ff af 13 00 03 33 0c 07 00 28 03 06 03 28 00 00 02 00 00 00 00 02 02 4a 00 00 00 1e 00 00 0b 7e
7e 20 ff af 13 00 03 33 0c 07 00 28 03 06 03 28 00 00 02 00 00 00 00 02 02 4a 00 00 00 1e 00 00 0b 7e
7e 20 ff af 13 00 03 33 0c 07 00 28 03 06 03 28 00 00 02 00 00 00 00 02 02 4a 00 00 00 1e 00 00 0b 7e
7e 20 ff af 13 00 03 33 0c 07 00 28 03 06 03 28 00 00 02 00 00 00 00 02 02 4a 00 00 00 1e 00 00 0b 7e
7e 20 ff af 13 00 03 33 0c 07 00 28 03 06 03 28 00 00 02 00 00 00 00 02 02 4a 00 00 00 1e 00 00 0b 7e
7e 20 ff af 13 00 03 33 0c 07 00 28 03 06 03 28 00 00 02 00 00 00 00 02 02 4a 00 00 00 1e 00 00 0b 7e - 25.5 degree
7e 20 ff af 13 00 03 32 0c 07 00 28 03 06 03 28 00 00 02 00 00 00 00 02 02 4a 00 00 00 1e 00 00 f9 7e - 25 degree
7e 20 ff af 13 00 03 32 0c 07 00 28 03 06 03 28 00 00 02 00 00 00 00 02 02 4a 00 00 00 1e 00 00 f9 7e
7e 20 ff af 13 00 03 32 0c 07 00 28 03 06 03 28 00 00 02 00 00 00 00 02 02 4a 00 00 00 1e 00 00 f9 7e
7e 20 ff af 13 00 03 32 0c 07 00 28 03 06 03 28 00 00 02 00 00 00 00 02 02 4a 00 00 00 1e 00 00 f9 7e
7e 20 ff af 13 00 03 32 0c 07 00 28 03 06 03 28 00 00 02 00 00 00 00 02 02 4a 00 00 00 1e 00 00 f9 7e
7e 20 ff af 13 00 03 32 0c 07 00 28 03 06 03 28 00 00 02 00 00 00 00 02 02 4a 00 00 00 1e 00 00 f9 7e
7e 20 ff af 13 00 03 32 0c 07 00 28 03 06 03 28 00 00 02 00 00 00 00 02 02 4a 00 00 00 1e 00 00 f9 7e
7e 20 ff af 13 00 03 32 0c 07 00 28 03 06 03 28 00 00 02 00 00 00 00 02 02 4a 00 00 00 1e 00 00 f9 7e
7e 20 ff af 13 00 03 32 0c 07 00 28 03 06 03 28 00 00 02 00 00 00 00 02 02 4a 00 00 00 1e 00 00 f9 7e
7e 20 ff af 13 00 03 32 0c 07 00 28 03 06 03 28 00 00 02 00 00 00 00 02 02 4a 00 00 00 1e 00 00 f9 7e
7e 20 ff af 13 00 03 32 0c 07 00 28 03 06 03 28 00 00 02 00 00 00 00 02 02 4a 00 00 00 1e 00 00 f9 7e
7e 20 ff af 13 00 03 32 0c 07 00 28 03 06 03 28 00 00 02 00 00 00 00 02 02 4a 00 00 00 1e 00 00 f9 7e
7e 20 ff af 13 00 03 32 0c 07 00 28 03 06 03 28 00 00 02 00 00 00 00 02 02 4a 00 00 00 1e 00 00 f9 7e - 25 degree
7e 20 ff af 13 00 03 31 0c 07 00 28 03 06 03 28 00 00 02 00 00 00 00 02 02 4a 00 00 00 1e 00 00 e8 7e - 24.5 degree
7e 20 ff af 13 00 03 31 0c 07 00 28 03 06 03 28 00 00 02 00 00 00 00 02 02 4a 00 00 00 1e 00 00 e8 7e
7e 20 ff af 13 00 03 31 0c 07 00 28 03 06 03 28 00 00 02 00 00 00 00 02 02 4a 00 00 00 1e 00 00 e8 7e
7e 20 ff af 13 00 03 31 0c 07 00 28 03 06 03 28 00 00 02 00 00 00 00 02 02 4a 00 00 00 1e 00 00 e8 7e
7e 20 ff af 13 00 03 31 0c 07 00 28 03 06 03 28 00 00 02 00 00 00 00 02 02 4a 00 00 00 1e 00 00 e8 7e
7e 20 ff af 13 00 03 31 0c 07 00 28 03 06 03 28 00 00 02 00 00 00 00 02 02 4a 00 00 00 1e 00 00 e8 7e
7e 20 ff af 13 00 03 31 0c 07 00 28 03 06 03 28 00 00 02 00 00 00 00 02 02 4a 00 00 00 1e 00 00 e8 7e
7e 20 ff af 13 00 03 31 0c 07 00 28 03 06 03 28 00 00 02 00 00 00 00 02 02 4a 00 00 00 1e 00 00 e8 7e
7e 20 ff af 13 00 03 31 0c 07 00 28 03 06 03 28 00 00 02 00 00 00 00 02 02 4a 00 00 00 1e 00 00 e8 7e
7e 20 ff af 13 00 03 31 0c 07 00 28 03 06 03 28 00 00 02 00 00 00 00 02 02 4a 00 00 00 1e 00 00 e8 7e
7e 20 ff af 13 00 03 31 0c 07 00 28 03 06 03 28 00 00 02 00 00 00 00 02 02 4a 00 00 00 1e 00 00 e8 7e
7e 20 ff af 13 00 03 31 0c 07 00 28 03 06 03 28 00 00 02 00 00 00 00 02 02 4a 00 00 00 1e 00 00 e8 7e
7e 20 ff af 13 00 03 31 0c 07 00 28 03 06 03 28 00 00 02 00 00 00 00 02 02 4a 00 00 00 1e 00 00 e8 7e
7e 20 ff af 13 00 03 31 0c 07 00 28 03 06 03 28 00 00 02 00 00 00 00 02 02 4a 00 00 00 1e 00 00 e8 7e
7e 20 ff af 13 00 03 31 0c 07 00 28 03 06 03 28 00 00 02 00 00 00 00 02 02 4a 00 00 00 1e 00 00 e8 7e
7e 20 ff af 13 00 03 31 0c 07 00 28 03 06 03 28 00 00 02 00 00 00 00 02 02 4a 00 00 00 1e 00 00 e8 7e
7e 20 ff af 13 00 03 31 0c 07 00 28 03 06 03 28 00 00 02 00 00 00 00 02 02 4a 00 00 00 1e 00 00 e8 7e
7e 20 ff af 13 00 03 31 0c 07 00 28 03 06 03 28 00 00 02 00 00 00 00 02 02 4a 00 00 00 1e 00 00 e8 7e
7e 20 ff af 13 00 03 31 0c 07 00 28 03 06 03 28 00 00 02 00 00 00 00 02 02 4a 00 00 00 1e 00 00 e8 7e
7e 20 ff af 13 00 03 31 0c 07 00 28 03 06 03 28 00 00 02 00 00 00 00 02 02 4a 00 00 00 1e 00 00 e8 7e
7e 20 ff af 13 00 03 31 0c 07 00 28 03 06 03 28 00 00 02 00 00 00 00 02 02 4a 00 00 00 1e 00 00 e8 7e
7e 20 ff af 13 00 03 31 0c 07 00 28 03 06 03 28 00 00 02 00 00 00 00 02 02 4a 00 00 00 1e 00 00 e8 7e
7e 20 ff af 13 00 03 31 0c 07 00 28 03 06 03 28 00 00 02 00 00 00 00 02 02 4a 00 00 00 1e 00 00 e8 7e
7e 20 ff af 13 00 03 31 0c 07 00 28 03 06 03 28 00 00 02 00 00 00 00 02 02 4a 00 00 00 1e 00 00 e8 7e
7e 20 ff af 13 00 03 31 0c 07 00 28 03 06 03 28 00 00 02 00 00 00 00 02 02 4a 00 00 00 1e 00 00 e8 7e - 24.5 degree
7e 20 ff af 13 00 03 30 0c 07 00 28 03 06 03 28 00 00 02 00 00 00 00 02 02 4a 00 00 00 1e 00 00 1a 7e - 24 degreee
7e 20 ff af 13 00 03 30 0c 07 00 28 03 06 03 28 00 00 02 00 00 00 00 02 02 4a 00 00 00 1e 00 00 1a 7e
7e 20 ff af 13 00 03 30 0c 07 00 28 03 06 03 28 00 00 02 00 00 00 00 02 02 4a 00 00 00 1e 00 00 1a 7e
7e 20 ff af 13 00 03 30 0c 07 00 28 03 06 03 28 00 00 02 00 00 00 00 02 02 4a 00 00 00 1e 00 00 1a 7e
7e 20 ff af 13 00 03 30 0c 07 00 28 03 06 03 28 00 00 02 00 00 00 00 02 02 4a 00 00 00 1e 00 00 1a 7e
7e 20 ff af 13 00 03 30 0c 07 00 28 03 06 03 28 00 00 02 00 00 00 00 02 02 4a 00 00 00 1e 00 00 1a 7e
7e 20 ff af 13 00 03 30 0c 07 00 28 03 06 03 28 00 00 02 00 00 00 00 02 02 4a 00 00 00 1e 00 00 1a 7e
7e 20 ff af 13 00 03 30 0c 07 00 28 03 06 03 28 00 00 02 00 00 00 00 02 02 4a 00 00 00 1e 00 00 1a 7e
7e 20 ff af 13 00 03 30 0c 07 00 28 03 06 03 28 00 00 02 00 00 00 00 02 02 4a 00 00 00 1e 00 00 1a 7e
7e 20 ff af 13 00 03 30 0c 07 00 28 03 06 03 28 00 00 02 00 00 00 00 02 02 4a 00 00 00 1e 00 00 1a 7e
7e 20 ff af 13 00 03 30 0c 07 00 28 03 06 03 28 00 00 02 00 00 00 00 02 02 4a 00 00 00 1e 00 00 1a 7e
7e 20 ff af 13 00 03 30 0c 07 00 28 03 06 03 28 00 00 02 00 00 00 00 02 02 4a 00 00 00 1e 00 00 1a 7e
7e 20 ff af 13 00 03 30 0c 07 00 28 03 06 03 28 00 00 02 00 00 00 00 02 02 4a 00 00 00 1e 00 00 1a 7e
7e 20 ff af 13 00 03 30 0c 07 00 28 03 06 03 28 00 00 02 00 00 00 00 02 02 4a 00 00 00 1e 00 00 1a 7e
7e 20 ff af 13 00 03 30 0c 07 00 28 03 06 03 28 00 00 02 00 00 00 00 02 02 4a 00 00 00 1e 00 00 1a 7e
7e 20 ff af 13 00 03 30 0c 07 00 28 03 06 03 28 00 00 02 00 00 00 00 02 02 4a 00 00 00 1e 00 00 1a 7e
7e 20 ff af 13 00 03 30 0c 07 00 28 03 06 03 28 00 00 02 00 00 00 00 02 02 4a 00 00 00 1e 00 00 1a 7e
7e 20 ff af 13 00 03 30 0c 07 00 28 03 06 03 28 00 00 02 00 00 00 00 02 02 4a 00 00 00 1e 00 00 1a 7e
7e 20 ff af 13 00 03 30 0c 07 00 28 03 06 03 28 00 00 02 00 00 00 00 02 02 4a 00 00 00 1e 00 00 1a 7e
7e 20 ff af 13 00 03 30 0c 07 00 28 03 06 03 28 00 00 02 00 00 00 00 02 02 4a 00 00 00 1e 00 00 1a 7e
7e 20 ff af 13 00 03 30 0c 07 00 28 03 06 03 28 00 00 02 00 00 00 00 02 02 4a 00 00 00 1e 00 00 1a 7e
7e 20 ff af 13 00 03 30 0c 07 00 28 03 06 03 28 00 00 02 00 00 00 00 02 02 4a 00 00 00 1e 00 00 1a 7e
7e 20 ff af 13 00 03 30 0c 07 00 28 03 06 03 28 00 00 02 00 00 00 00 02 02 4a 00 00 00 1e 00 00 1a 7e
7e 20 ff af 13 00 03 30 0c 07 00 28 03 06 03 28 00 00 02 00 00 00 00 02 02 4a 00 00 00 1e 00 00 1a 7e
7e 20 ff af 13 00 03 30 0c 07 00 28 03 06 03 28 00 00 02 00 00 00 00 02 02 4a 00 00 00 1e 00 00 1a 7e
